


				0000000000000000000000000000001111111         1111100000000000000000000000000000
				000000000000000000000000                                110000000000000000000000
				00000000000000000000000                                     10000000000000000000
				00000000000000000000000                                      1000000000000000000
				00000000000000000000000000000                   110001        000000000000000000
				000000000000000000000000000000000          100000000000000    000000000000000000
				0000000000000000000000000000000000       00000001        10   100000000000000000
				0000000000000000000000       1000        10001                100000000000000000
				000000000000000000000001        000                           100000000000000000
				000000000000000000000000000000000000        10000000001       100000000000000000
				000000000000000000000000000000000000        000000000000000   100000000000000000
				0000000000000000000    1111     1000              1111        100000000000000000
				00000000000000000000            0000                          100000000000000000
				000000000000000000000          00000                          100000000000000000
				0000000000000000000000       1000000                          100000000000000000
				0000000000000000000000    1000000000                          000000000000000000
				0000000000000000000000000001 1000000001  100        0001  11 1000000000000000000
				0000000000000000001000000      10000000000          1000     0000000000000000000
				0000000000000000000100000000000000000110000001111100001     10000000000000000000
				000000000000000000001000000000000000   10000000000000       00000000000000000000
				000000000000000000000 100001 111111111111111               100000000000000000000
				0000000000000000000000010000000000111                     1000000000000000000000
				000000000000000000000000 10000001110000001               10000000000000000000000
				0000000000000000000000000010000    100000               100000000000000000000000
				00000000000000000000000000001000   100000             00000000000000000000000000
				000000000000000000000000000000000  100000          10000000000000000000000000000
				0000000000000000000000000000000000  0000        10000000000000000000000000000000
				0000000000000000000000000000000000010000     10000000000000000000000000000000000